# Inserisci delle impostazioni del gioco che devono essere salvate / lette
curvaSinistra = 0, 0, 0, -1, 0, -2, -1, -3, -1, -4, -1, -5, -1, -6, -1, -7, -2, -8, -2, -9, -2, -10, -3, -11, -3, -12, -4, -13, -5, -14, -5, -15, -6, -16, -6, -17, -7, -18, -8, -19, -9, -19, -10, -20, -11, -20, -12, -21, -13, -21, -14, -22, -15, -22, -16, -23, -17, -23, -18, -23, -19, -24, -20, -24, -21, -24, -22, -24, -23, -25, -24, -25, -25, -25, -26, -25, -27, -25, -28, -24, -29, -24, -30, -24, -31, -24, -32, -24, -33, -23, -34, -23, -35, -23, -36, -22, -37, -22, -38, -21, -39, -20, -40, -20, -41, -19, -42, -19, -43, -18, -44, -17, -44, -16, -45, -15, -46, -14, -46, -13, -47, -12, -47, -11, -48, -10, -48, -9, -48, -8, -49, -7, -49, -6, -49, -5, -49, -4, -49, -3, -50, -2, -50, -1, -50, 0, -50, 1, -50, 2, -49, 3, -49, 4, -49, 5, -49, 6, -49, 7, -48, 8, -48, 9, -48, 10, -47, 11, -47, 12, -46, 13, -45, 14, -45, 15, -44, 16, -44, 17, -43, 18, -42, 19, -41, 19, -40, 20, -39, 21, -38, 21, -37, 22, -36, 22, -35, 23, -34, 23, -33, 23, -32, 24, -31, 24, -30, 24, -29, 24, -28, 24, -27, 25, -26, 25, -25, 25

cambiaSkinSinistra = 0, 10, 17, 27, 36, 46, 54, 62, 72, 82, 90, 98, 108
diametroCurvaSinistra = 50

#8 punti
#curvaSinistraSeconda = -2,0,4,-1,5,-3,5,-5,5,-7,4,-9,2,-10,0,-10
curvaSinistraSeconda = 4,1,7,3,9,6,10,10,9,14,7,17,4,19,0,20
#numeroPuntiFalsaCurvaSinistra = 46
numeroPuntiFalsaCurvaSinistra = 92

puntiFineAttaccoSinistra = -60,489,-60,519,-60,542,-60,600,75,600,150,600,225,600

curvaDestra = 0, 0, 0, -1, 0, -2, 1, -3, 1, -4, 1, -5, 1, -6, 1, -7, 2, -8, 2, -9, 2, -10, 3, -11, 3, -12, 4, -13, 5, -14, 5, -15, 6, -16, 6, -17, 7, -18, 8, -19, 9, -19, 10, -20, 11, -20, 12, -21, 13, -21, 14, -22, 15, -22, 16, -23, 17, -23, 18, -23, 19, -24, 20, -24, 21, -24, 22, -24, 23, -25, 24, -25, 25, -25, 26, -25, 27, -25, 28, -24, 29, -24, 30, -24, 31, -24, 32, -24, 33, -23, 34, -23, 35, -23, 36, -22, 37, -22, 38, -21, 39, -20, 40, -20, 41, -19, 42, -19, 43, -18, 44, -17, 44, -16, 45, -15, 46, -14, 46, -13, 47, -12, 47, -11, 48, -10, 48, -10, 48, -9, 48, -8, 49, -7, 49, -6, 49, -5, 49, -4, 49, -3, 50, -2, 50, -1, 50, 0, 50, 1, 50, 2, 49, 3, 49, 4, 49, 5, 49, 6, 49, 7, 48, 8, 48, 9, 48, 10, 48, 10, 47, 11, 47, 12, 46, 13, 45, 14, 45, 15, 44, 16, 44, 17, 43, 18, 43, 18, 42, 19, 41, 19, 40, 20, 39, 21, 38, 21, 37, 22, 36, 22, 35, 23, 34, 23, 33, 23, 32, 24, 31, 24, 30, 24, 29, 24, 28, 24, 27, 25, 26, 25, 25, 25

cambiaSkinDestra = 0, 10, 18, 27, 36, 46, 54, 62, 72, 82, 90, 98, 108
diametroCurvaDestra = 50

#curvaDestraSeconda = -2,0,-4,-1,-5,-3,-5,-5,-5,-7,-4,-9,-2,-10,0,-10
curvaDestraSeconda = -4,1,-7,3,-9,6,-10,10,-9,14,-7,17,-4,19,0,20

#numeroPuntiFalsaCurvaDestra = 46
numeroPuntiFalsaCurvaDestra = 92
puntiFineAttaccoDestra = 530,489,530,519,530,549,530,600,425,600,350,600,275,600


puntiAttaccoLivello1 = 125,298,175,298,325,298,375,298
puntiAttaccoLivello2 = 100,328,150,328,350,328,400,328
puntiAttaccoLivello3 = 75,358,125,358,375,358,425,358
